        558
 -208836969
 -387645668
  538665019
 -816162494
 -201107677
  920703270
 1668745932
 -678215058
 1808643919
-1288886975
 1153063614
 2115961004
-1885602938
-1631053761
-1901807156
 1880320959
  455925023
 2120048093
 -856723433
-2012599953
  562275030
 -737317146
 -430681611
 -452341068
 -388073608
 -611018687
 1987162095
-2105851258
 1482849090
 1427674358
 1456182875
  210941013
  -92902105
  832724682
  448361088
  831964047
-1295159611
  712562403
  441967645
  823379541
 -190127226
  392105443
 -234097866
-1506655836
 2003575440
 1969935917
 -222190150
 1417580045
-1275882629
 -636020882
 -262090189
-1002352076
-1843064910
  204655113
  492879417
  770598658
-1451073986
 1738587395
-1369929790
 -305478980
-1259234538
 1788848071
  277006838
 1254639298
 -656913606
-1833532296
-1922339904
  690260250
 1460760376
-2054062521
  -59236388
  697252793
 1851402013
  408248426
-1215510630
 1672632755
 1045882383
 1383007373
  114916053
-1646830160
  495311845
-1300160342
  588892998
-1008988616
 1672587814
  670381691
-1265129590
 1671479317
 -117858084
 -567452205
 1238510567
-1178455093
 -784147900
  497987982
-1932379916
 1238180349
-1178025084
-1346827308
 -766547112
 -412479833
 1178490035
 1704790564
 -905232811
 1829320169
-1003855258
-2122570280
 1424364314
-1844597630
  870706160
 1723925313
 -577984929
  650719925
  544330666
 1691428161
 2117980822
 1207479137
 1202681555
-1203036958
-1538121414
  640701875
  945227377
 2021091976
 1886089110
 1518694685
  221249658
 -893709387
  335756751
-1522764019
-1707008218
  851146996
    7800174
-1859437903
  172399693
 -315386423
 1550486808
 1096824825
 -930548945
 -839857750
 1324051398
 -735455845
 1788386274
 2046890028
-1859792218
 -249254248
  212320563
-1213543428
  828094416
-2137365009
 1138920312
 -838362167
 -878477185
-1438201998
  437762956
-1613109580
 -197903848
 1377477011
  959981611
-1195293263
 -998330750
 -549813754
-2073836806
 1430272776
  169049419
   56671332
 -767627118
 -626777586
-1830515804
  552163455
 2131634546
 -755605932
  -93086669
 1472936957
   99680668
 1845625014
-1527397340
-1912960812
  -92196722
 -259096909
 1372235149
  648310207
  437294887
  213758542
  412929397
  -76813444
-1533754515
 1819314766
 -151760912
-1690782827
 1490506814
-1661686601
  -67161159
   10494795
 -875652875
  -20378137
 -423491652
-1779706124
 1691739236
-1063750202
-1079951129
-1010421348
-1649161022
-1569152353
  734283087
  860883364
-2105876981
-1538373819
-1294323300
 1011329166
-1931496208
 1642455234
 1151292032
-1745507660
  425890063
 -338303080
 1694905034
  972351831
 1823509214
  -48757339
 -587517618
   79520907
 -589900093
 -411873079
  463635650
-1501866426
-1495087538
  111880026
-1097249966
 -310785402
 1902520833
  692137828
 1249192787
 -172904354
 -457088726
 -647366189
-1503741471
  334493889
  255656137
 -604916407
-1722605835
-1621332831
 -924637275
 -607632075
 1079339379
-1271883504
 1058404277
-1338027319
 -141166775
 1969938339
  901167754
  855135191
 -900132347
 -658026203
-1721870095
  271710577
 2091254607
 1192876689
-1355756108
  244349757
 2040276739
  858793756
 -875124384
 1374789950
-1465623132
-1241016737
 1500873777
  544784917
 -807857074
  813904870
 -516408168
-2052702838
 2098113160
 -495017980
  -44878000
-1643091419
 -957800749
-1257004018
  423085074
-1009752515
   38313613
 -522381119
 1026713768
 1336148038
 -578165545
-2063293738
 -288050990
 1998946773
 -420742859
-1818419981
 1886623111
-1009080429
 1975034112
  951510042
  667241066
 1046486004
  777916676
 -284426438
  634736360
 2099480813
  206638709
 1782966820
  866052635
-2081430661
-2132557683
 1367145993
-1069206821
-2146399077
 1408083812
  891629698
-1730544604
-1392084882
 -274513318
-1635724808
   31919218
 -866080236
 -635528998
  351074881
 1813064740
-1694893323
 -290340204
 -120200493
 -641220512
 1412055900
 1571405192
  401933910
-1845724562
 -929640481
  175901403
  805129286
-1481842973
 -946140324
   83082731
-2080439233
 1645367178
 -697982731
  757931231
  684237084
-2081278911
-1168323209
-1225403691
 -326651430
  982223959
 -474621135
  341785729
 -429689427
 -601193870
-1976876275
 -525765793
  -23212296
-1998897292
  216000546
 -171359295
-1371586515
 1008838493
-1361435756
-1536448181
  665831842
  941144164
 -554944645
 2082159663
 -912924776
-1633379875
 1390492937
 1808682036
 -725186072
-1022245377
-1499970123
 1756739985
  -27821260
 1356874538
-1595818421
-1944564421
 1504811487
-1492579047
 1080715663
 2106177023
-1941316857
  496074752
-2132923043
  203101995
 -855501015
  818846262
 1343491402
 -554357142
-1116328131
 2007689262
 -450038617
  802619452
 1513077828
   38931290
-2062664728
 1586289526
-1749856395
  312617873
-1398632291
-1565187877
 -778451394
  660102846
 1802395047
 1929130388
 -335993956
 2021744496
 1565899427
  604006007
  679574089
 1857510378
  700488718
 -893829846
 -320718400
-1054715721
  -15286910
 2015048513
-1493492913
 -597808505
 -819126143
 1802557010
  490398019
 -542497362
 -958434012
  113144921
  495657866
 1434742150
  233581134
-1190531905
-1449918668
 1158008901
  336509947
 2002832521
-1900664586
 -702780494
  956637636
 1294721522
 1351759248
 -308298856
-1599735953
 -616644214
  324356242
 1008058974
  425252279
 1007180956
 1720563818
 -592596975
  846358717
 -399423648
 1614643009
 1803411810
 -555716380
 -157820070
 -651245735
 1074908374
 1687225665
-1130572603
-1036320576
 1403428812
 1968837747
  -60703597
 1857600184
 2138966035
     663449
 1203160640
-2042347328
 -615814027
 2024053038
 -442036019
 1598957737
-1132683207
 1645227588
 -972142786
  423719752
  668341183
-1797050629
 -475981573
  495477633
-1805645368
 1127627077
  363712023
  787629211
-2113725923
-1673100368
   39537640
-1240300026
-1969178522
-2026260039
-1979497684
 1431967771
 -443382591
  460843680
  527260541
 1893409224
-1481059255
-1743089130
 -645435935
 1276114209
 -283281665
  217525369
 2059200542
-1968538144
  338349347
 1946458140
-1285578358
 1221781049
 1705111335
 1412818464
  760600309
  812581033
 1633604484
   77547775
 -646147621
 1962296628
-1755041743
  -39753302
  217768892
  252041464
 -391276760
  724180421
 -822990318
 1298101803
-2061703181
  550661337
-1523033621
  389983759
 2108337561
 -253736007
-1495821811
 -210658954
  999477792
  331544784
 1087810291
-1657380833
 -156979110
 -109874194
 -278403686
-1592258634
-1220401197
 1957315018
-1112895019
 1757409549
-2024626736
 1372964535
 1160260485
  881622099
   67953014
  578247794
-1993889383
-1608741493
  487178532
-1892902424
  962814305
  756604694
 -162048747
   76058307
-2011059827
 1075124380
-1718449807
  769960273
 -272811722
  144265886
-2023396457
  466580785
 1615431859
  467408858
 -327509054
-1533401933
  511551018
-1267759511
 -205196694
  622012437
 2039220674
  583382184
 1464009293
 -996099971
-2057884019
 -918716657
 1442871159
 2098517126
 1038878306
 -770454480
 -724219890
 1057131728
 1524730594
 -147329967
 1244537907
 -237347996
 1322950039
  329351498
 -471890838
  201648437
-1054948196
 -782509614
 1783047902
  588529343
 1979472794
-2134292977
-1831436216
-1914379235
  -36561760
 1673050821
 1795625542
-1214929718
  242523542
  -40872479
 1238423406
 -940927346
-1172238195
 1380001719
 -665307919
-1300811337
-1604405949
 -526687549
 2021529348
  -73003192
 1656156927
 1650163302
  264465201
  620613757
  150343665
  -71091481
  927636640
 -291833459
 -737717306
-2030487102
-1869859161
  -68827412
  207942769
-2020188886
