        280
  -83291740
 -403148788
 -495283800
 1412413356
-1716140110
 -126420959
 -473527957
  303261141
 -111956326
-1934372576
-1097073672
 -700490899
 -250047488
  987235771
-1965571761
 -904191019
 -937411330
 -100174241
  193722713
 1366527286
 1879806468
-1383355178
 -712714163
  704212600
-1123543948
 -827174913
-1300306159
 1776295521
 1851396138
-1668182332
  506259108
  893410116
 1035491881
 1736649714
 -271665886
-1474678962
 1292896472
-1930699981
-1813719102
-1519898691
  975463255
-2108482255
 1075697478
  -25679175
-1965879733
 1763854838
 2082091792
 -364120549
 -229790989
-1338705473
  303243095
  -58553925
  -27960133
 1002417676
 1345817056
-1077987645
 1720205670
-1035157920
 1367072329
   70397504
 2050184004
 -767784384
 -305721403
-1790100110
 -995877963
 1112866845
 1322744777
 -563618213
-1547418289
  172292408
  355756657
 -970271165
 -404291247
 1332425948
-1134122036
  913328159
 1111711140
 -984805504
 -392283515
 -357074064
 -941423115
-1343206241
  359315800
  956097317
-1256803972
 1959459981
-1080307014
-1960047380
 1273546859
 2053429466
-1697927913
  -67192076
 2142451454
  427078198
 -165257445
-1090174358
 1163807318
-1059922482
 -621091270
-1675309166
-2018685166
-1106054045
 -563531023
-1010387183
 -885331885
  640679406
 1770109960
 -802253581
-1555263573
-1898441109
 -864259974
 1020962782
 1788279615
-1459410372
 -240519823
  212403386
 2070759457
 1758286994
 1513010479
-1096904870
 1402961208
  435247764
  539898847
 -108296970
-1948068238
  614083302
 1887214446
   77574059
 1047963452
 -384013318
 -183053018
 -410444202
 1511452534
-1937655226
-1435378237
-2000384682
  457927564
 -171017764
 -219969496
-1783957733
 -385106970
  465506978
 1755118650
 -991652969
 1750964178
  102930417
 -665454607
  859448586
  341793464
-1371331848
-1065041168
-1994355761
  416532314
 -664656237
  -56144482
 -879720199
 2068193624
 1847259428
 1274030260
 1294480136
  147384499
 1588535210
 -471152049
  137875750
-1260056220
-1080441453
-1629080404
  647440845
   59498372
-1717615105
  376321239
-1946091936
 1250402051
 -447148190
  222429163
 -686757738
 -913486444
 2068770063
-1486238708
  137285273
 -609765502
-1809259153
  389983409
  966763764
  318803254
-1867259066
 1503133059
 -577415286
-1930515845
  -73917965
  347556684
  458259955
 -388751178
 -317218123
-1240401439
 -243978860
-1136844582
 -438158239
 1675160219
 1966663958
 -666317561
 1076290799
 -793499604
  818648081
 2074619345
  656419119
 1983152706
 -464769587
 1727744921
-1916836450
 -632045975
 -416312910
-1476076427
 -459282916
-1485578129
 1070342502
 -399668240
 1205480763
 1873061391
  979298053
  508483749
  234664422
 1250392824
-1308234881
  959535842
 1870937256
  934244164
-1803260625
  842112177
 1131706153
  401675763
 -265549896
-1412654605
-1131498411
 -965273305
 -384488287
 2067736808
 1251441318
 -475982021
  928165801
  828933175
 1783744733
-1310633341
  164162679
 -882328336
-1280938739
 1961691340
 1291418068
-2083328733
-1633341481
 1417591841
  701055221
 1414386348
 2093039258
-1254076928
-1750347980
 1462159942
  910436794
-2086714797
  844003484
  272326826
-1739262368
-1992969997
-1518944111
  782552530
-1841601680
-1184418872
 -270371947
  749740010
 1521839969
-1709741629
 -450133516
-2136581315
-2065573075
-1690650510
 -218355694
 -645212388
  778071079
 -664254440
 1656992593
 1803139168
 1249463252
 1767443983
  724855979
 -489494957
 1525351502
-1601571839
-1055207070
 1948952359
-1072044154
-1606363872
  -99277400
-1281245324
-1755978557
 -241731444
  -19989623
 2057732091
 1366505528
 1477691475
  211947896
 -779169506
-1343461823
 -939663075
 1628970169
 1892359079
  436140007
  863469757
  604046915
-2021862579
  980412723
-1276486931
   53193284
-1900634939
  -47780048
 1763434672
  902567413
-1472475436
 -915008608
 -451665819
-1816044680
-1714115641
 -575232758
-1383647911
 2057811058
 -905955235
 2065695962
  339399028
 1289428028
  321217150
  397015529
-1905801613
 1923374450
  461902651
-1466715777
 1673432919
-1537638824
  -23686959
 1471458326
 1160321467
 -235977055
 -974709201
  708336455
-1436600046
 -631316121
 1574406864
-1915859432
 1211034156
 -276355858
 1010184556
 -355514194
 -102354386
  -14943313
  289767819
-1542255703
-1754014190
  368459450
 -431320689
-1608277028
  507856367
  768148342
 -539979314
 -648415558
  388552342
 -661875464
-1688592933
  228094039
 1684940386
-1855209421
  608606614
  678168669
  684052028
  229937436
  984814957
 -655916326
 1276244208
 1714053822
   39265865
 -281893433
 1079471193
  -38378998
   27869111
 -915871715
 1972751254
  449373077
-1944841250
-1131466326
 2040423766
-2137143878
-1786129157
  -92379304
  131066742
  778323777
 -485433402
  983626039
-2128371702
  209673515
  162906783
 1693778290
 -619574764
  150191858
-1218145388
 1341246542
 -153124306
-1710004815
 1098618207
 -779104659
  630865053
 1159935030
 1811493362
  814983899
 1557233638
 1619350518
-1232081836
-1026264141
  600749317
-1172515570
 1612661076
-1893073891
 -346916908
 -405078595
   39777605
 1789749950
 1054529985
-1320551993
 -615449601
 1435589920
 -530528785
 -673583604
 2074665259
  643498257
-1641370429
-1382507106
  318003933
-2016759093
-1761164309
  518292631
-1139505419
 -802290207
-1155747858
 1167574374
 -978113561
 2002589903
 1049362970
 2112790164
  678225062
-1082038429
 1654786467
-1356641085
-1081408505
  545236881
 1121554068
 -251046558
 -542613105
-1119573982
-1160675394
-1159217426
 1008682769
  741914829
-1880119792
 2095511503
-1414023030
   37589410
 -998508616
-1455915737
  117190665
-1498818210
 1138555003
 -761085535
 2004537887
   42681450
  846849158
 1517991584
 1323527103
 1177670036
 1936607951
 2066596246
  980434708
 -486876316
-1839239720
 -300452432
-1480453764
 1875111543
 1699143481
 1363662608
 -910707641
 1730689678
 1561011371
-1606852957
 -258139130
 1503626016
 1360565425
 -303792474
 1403043535
  147815524
   31929176
 1469836616
 2018116987
 -414911655
-1498430922
 -554915397
  279881553
 1200748600
-1534630635
  630469791
 1490690120
-2006255790
  797625125
 1013390239
  227099756
 2108265602
 -647830537
 -914698329
-1151752215
-1839166665
 -766772050
-2032295714
 1784179896
-1275821304
 -624393899
-1601983068
-2073459468
-1503380559
 -213582270
-1154605236
 2067679864
  509647842
  743831766
 -269488867
 1535054747
-1192929632
-2000490670
  348698853
-1518974027
  743020126
  958577942
 -499794468
  188393275
 -422151443
 -663351245
 1312574848
 -292578259
 -778095879
-1685533257
 1614634189
-1580315710
-2009649962
  629744131
-1930216488
  269218525
  198603959
-1335517296
-1790649134
  799539594
 -672965797
 1930785179
  716248791
 1990625138
  -78738506
-1423777352
  904661050
-1784541752
-1357584882
  201623591
 -863112836
 -985247427
 1491112196
  885356499
 1801236730
-2138430794
 -752594861
 1351652089
  796426080
-2096014767
 -977698460
-1336033147
 -292078133
 -893319233
-1464942371
 1871199655
  930951086
 -371830252
-1429331741
-2080847580
  568615743
  143144206
 2111679057
  708706924
  974506422
 -105214551
  -69305277
  -71526253
-1674535225
  168862958
 2066090493
 -394551120
 -994291235
 -794811733
 1898806579
 -455163550
 2142489141
 -804800103
  984409897
 -570912548
   90504943
 -618293228
  886721230
  593514793
  484621646
-1183219811
   52507517
 -494864635
 1494382511
  701023906
 1170230188
  -85868336
  254349263
  300786284
 -598464857
  725900076
 1842317480
 -606814229
-2033799832
  773302914
  875645517
